"HareGasex98ObsCO2ws","HareGasex98ObsCO2k660","HareGasex98COARECO2ws","HareGasex98COARECO2k660","BlomquistCOAREDMSws", "BlomquistCOAREDMSkDMS","BloquistObsDMSws","BloquistObsDMSkDMS","BlomquistGasex01CO2ws","BlomquistGasex01CO2kCO2", "BlomquistGasex98CO2ws","BlomquistGasex98CO2kCO2","HuebertCOARECO2nobubws","HuebertCOARECO2nobubk660", "HuebertCOARECO2bubws","HuebertCOARECO2bubk660","HuebertCOAREDMSnobubws","HuebertCOAREDMSnobubk660", "HuebertCOAREDMSbubws","HuebertCOAREDMSbubk660","HuebertObsDMSws","HuebertObsDMSk660","MillerKnorrbCO2ws","MillerKnorrbCO2k660", "MillerKnorrbDMSws","MillerKnorrbDMSk660","MillerGasex01CO2ws","MillerGasex01CO2k660","MillerGasex98CO2ws","MillerGasex98CO2k660", "MillerKnora+bCO2ws","MillerKnora+bCO2k660","JeffreyCOAREtunedws","JeffreyCOAREtunedk660","JeffreyLissMerw/s","JeffreyLissMerk660","JeffreyNightingaledataws","JeffreyNightingaledatak660","WatsonRoetherdataRadonklws", "WatsonRoetherdataRadonkl","WatsonObsws","WatsonObskl"
2.18,2.93,1.06,2.12,1.03,3.08,2.95,2.55,4,8.12,1.99,2.69,2.12,4.86,2.12,4.86,2.12,4.57,2.12,4.57,2.12,2.67,3.23,9.69,2.62,5.45,3.52,9.29,2.02,3.34,3.22,7.67,0,7.78,0,0,5.87,7.22,12.24,28.12,17.83,54.51
3.56,3.22,2.96,2.95,3.33,5.07,2.79,4.8,5,10.12,3,3.56,2.47,4.86,2.47,4.86,2.46,4.48,2.46,4.38,4.38,4.05,4.86,15.22,3.97,7.21,4.6,9.69,3,2.26,4.87,12.7,0.56,7.5,3.62,0.56,6.01,9.72,10.75,23,12.39,21.87
4.49,4.29,5.05,4.83,4.55,6.4,2.81,4.68,6,12.45,4,4.81,3.41,5.73,3.4,5.99,3.42,5.47,3.42,5.38,4.43,4.66,7.29,18.6,5.02,13.29,5.61,12.01,4.01,2.81,6.13,17.65,1.55,7.22,12.97,27.22,5.48,13.33,8.31,26.4,12.04,18.46
5.51,6.15,7.08,9.07,6.03,8.39,3.74,4.76,7.01,15.28,4.99,6.56,3.45,5.7,3.47,5.76,3.45,5.38,3.47,5.34,4.48,5.15,8.16,22.52,5.77,15.06,6.38,11.4,5.02,5.06,7.37,20.06,2.43,7.5,17.96,56.67,6.79,12.5,8.05,15.04,12.04,17.44
6.53,7.75,7.92,11.72,7.15,10.35,4.12,7.62,8,18.51,6,9.01,3.58,5.7,3.56,5.96,3.57,5.44,3.57,5.31,4.6,4.24,10.24,31.44,7.75,19.13,7.51,11.49,6.01,8,8.38,27.25,3.41,8.33,30,127.46,6.96,11.11,7.53,9.13,,
7.5,10.13,9.95,20.7,7.76,11.65,4.39,6.16,9,22.32,7.01,12.28,3.62,5.83,3.62,6.18,3.62,5.5,3.62,5.63,4.65,9.53,6.2,15.14,10.14,27.13,8.18,16.28,7.01,10.09,9.95,30.58,4.61,10.28,,,7.1,11.39,7.18,5.83,,
8.52,14.1,12.55,39.69,8.42,13.23,4.41,4.6,10.01,26.79,8,16.59,3.79,6.02,3.79,6.31,3.79,5.73,3.79,5.76,4.74,4.31,,,,,8.88,17.91,8,15.04,,,5.73,12.78,,,7.49,13.61,5.94,10.14,,
9.49,17.53,14.17,57.09,8.9,14.43,4.18,4.7,,,8.98,21.98,3.95,5.7,3.94,5.99,3.95,5.41,3.96,5.5,4.77,5.34,,,,,,,9.02,18.06,,,7.21,17.5,,,7.49,18.33,5.13,4.8,,
10.46,24.66,15.46,74.48,9.03,14.73,5.27,7.21,,,10,28.94,4.2,6.63,4.21,7.02,4.21,6.34,4.21,6.31,4.78,3.18,,,,,,,10.01,25.1,,,8.05,20.83,,,6.79,15.56,,,,
11.48,35.2,,,9.52,16.21,5.26,7.29,,,,,4.31,7.28,4.32,7.66,4.31,6.99,4.3,6.99,4.9,5.6,,,,,,,,,,,8.75,23.89,,,8.19,14.17,,,,
12.45,50.48,,,10.01,17.71,5.15,8.37,,,,,4.37,7.24,4.35,7.73,4.38,6.57,4.37,6.66,4.91,4.5,,,,,,,,,,,9.53,27.5,,,7.59,21.67,,,,
13.52,45.76,,,10.63,19.88,6.15,8.53,,,,,4.4,6.86,4.41,7.37,4.41,6.47,4.4,6.44,5,8.72,,,,,,,,,,,10.93,35.28,,,10.09,18.61,,,,
14.95,57.37,,,10.86,20.65,5.96,9.18,,,,,4.43,6.95,4.48,7.44,4.48,6.82,4.47,6.66,5.12,6.11,,,,,,,,,,,12.3,44.17,,,9.91,19.72,,,,
,,,,11.11,21.64,5.99,9.5,,,,,4.47,7.05,4.49,7.57,4.57,6.79,4.55,6.73,5.4,3.5,,,,,,,,,,,14.06,57.22,,,9.88,20.28,,,,
,,,,11.46,23.12,6.1,9.52,,,,,4.48,7.11,4.58,7.79,4.64,6.98,4.63,6.92,5.41,7.72,,,,,,,,,,,15.26,66.94,,,9.88,21.67,,,,
,,,,11.98,25.35,6.55,8.83,,,,,4.6,7.11,4.61,7.79,4.75,6.89,4.74,6.89,5.5,9.69,,,,,,,,,,,15.57,69.72,,,9.98,24.72,,,,
,,,,,,5.37,10.34,,,,,4.63,7.24,4.66,7.89,4.74,7.18,4.76,7.15,5.7,10.14,,,,,,,,,,,,,,,10.58,19.72,,,,
,,,,,,5.48,11.82,,,,,4.66,7.34,4.73,8.21,4.9,7.15,4.88,7.15,5.83,8.14,,,,,,,,,,,,,,,11.39,41.67,,,,
,,,,,,5.24,11.67,,,,,4.74,7.56,4.74,8.11,4.91,7.73,4.91,7.66,6,8.01,,,,,,,,,,,,,,,12.48,36.11,,,,
,,,,,,4.81,11.35,,,,,4.77,7.4,4.74,8.11,5.01,7.31,5.02,7.37,6.25,10.2,,,,,,,,,,,,,,,12.59,33.89,,,,
,,,,,,6.44,10.82,,,,,4.78,7.31,4.8,7.89,4.96,7.37,4.96,7.24,6.65,17.23,,,,,,,,,,,,,,,12.48,27.22,,,,
,,,,,,7.23,9.62,,,,,4.88,7.56,4.89,8.34,4.97,7.79,4.99,7.82,6.7,11.72,,,,,,,,,,,,,,,12.48,26.67,,,,
,,,,,,7.27,10.52,,,,,4.87,7.82,4.89,8.47,5.04,7.85,5.07,7.95,6.82,11.52,,,,,,,,,,,,,,,12.59,25.56,,,,
,,,,,,7.34,10.51,,,,,4.91,8.05,4.92,8.66,5.13,7.92,5.16,7.92,7.51,14.68,,,,,,,,,,,,,,,14.7,61.94,,,,
,,,,,,7.32,10.96,,,,,4.99,8.11,4.96,8.79,5.23,7.92,5.23,7.98,7.79,16.97,,,,,,,,,,,,,,,,,,,,
,,,,,,7.29,12.52,,,,,5.04,8.24,5.01,8.82,5.27,7.66,5.27,7.66,7.84,14.65,,,,,,,,,,,,,,,,,,,,
,,,,,,7.68,10.68,,,,,5.12,8.27,5.06,9.01,5.39,7.76,5.41,7.66,8.12,17.45,,,,,,,,,,,,,,,,,,,,
,,,,,,7.85,11.99,,,,,5.24,8.27,5.11,9.05,5.39,8.3,5.39,8.18,8.26,14.94,,,,,,,,,,,,,,,,,,,,
,,,,,,8,11.61,,,,,5.28,8.05,5.23,9.14,5.47,8.53,5.42,8.5,8.34,17,,,,,,,,,,,,,,,,,,,,
,,,,,,8.34,11.55,,,,,5.41,8.63,5.27,8.92,5.48,8.11,5.49,8.08,8.54,12.23,,,,,,,,,,,,,,,,,,,,
,,,,,,6.49,13.48,,,,,5.47,8.85,5.39,9.17,5.51,8.14,5.55,8.53,8.83,13.26,,,,,,,,,,,,,,,,,,,,
,,,,,,6.28,15.18,,,,,5.55,8.92,5.41,9.66,5.61,8.21,5.61,8.21,9.04,6.17,,,,,,,,,,,,,,,,,,,,
,,,,,,7.35,15.65,,,,,5.7,9.05,5.46,9.92,5.69,8.69,5.69,8.76,9.08,10.68,,,,,,,,,,,,,,,,,,,,
,,,,,,7.79,14.79,,,,,5.84,9.34,5.56,10.01,5.84,8.11,5.84,8.17,9.43,23.64,,,,,,,,,,,,,,,,,,,,
,,,,,,7.46,13.74,,,,,5.9,9.24,5.6,9.75,5.84,8.88,5.84,9.01,9.6,9.36,,,,,,,,,,,,,,,,,,,,
,,,,,,7.46,13.19,,,,,5.98,9.56,5.69,10.24,5.9,8.88,5.91,8.82,9.74,18.77,,,,,,,,,,,,,,,,,,,,
,,,,,,7.45,12.85,,,,,6.07,9.53,5.82,10.53,5.99,9.11,5.98,9.21,9.83,22.32,,,,,,,,,,,,,,,,,,,,
,,,,,,7.74,13.5,,,,,6.18,9.5,5.84,9.85,6.08,9.21,6.08,9.24,9.89,14.52,,,,,,,,,,,,,,,,,,,,
,,,,,,7.86,12.81,,,,,6.23,9.72,5.89,10.46,6.18,9.14,6.17,9.14,9.92,16.8,,,,,,,,,,,,,,,,,,,,
,,,,,,8.06,13.7,,,,,6.65,10.4,6,10.85,6.25,9.33,6.24,9.33,9.94,20.58,,,,,,,,,,,,,,,,,,,,
,,,,,,8.24,13.9,,,,,6.7,10.49,6.08,11.04,6.65,10.01,6.63,10.36,9.94,7.65,,,,,,,,,,,,,,,,,,,,
,,,,,,8.71,12.5,,,,,6.81,10.75,6.18,10.98,6.7,10.11,6.7,10.46,10.01,27.25,,,,,,,,,,,,,,,,,,,,
,,,,,,,,,,,,7.51,11.52,6.26,11.33,6.82,10.27,6.82,10.65,10.06,28.64,,,,,,,,,,,,,,,,,,,,
,,,,,,,,,,,,7.58,11.88,6.66,12.4,7.5,11.07,7.5,11.56,10.13,20.35,,,,,,,,,,,,,,,,,,,,
,,,,,,,,,,,,7.78,12.46,6.7,12.52,7.57,11.33,7.57,11.88,10.19,17.13,,,,,,,,,,,,,,,,,,,,
,,,,,,,,,,,,7.84,12.26,6.81,12.78,7.77,11.97,7.78,12.59,10.28,26.31,,,,,,,,,,,,,,,,,,,,
,,,,,,,,,,,,8.13,13.07,7.52,14.55,7.78,11.52,7.83,12.33,10.8,19.09,,,,,,,,,,,,,,,,,,,,
,,,,,,,,,,,,8.25,12.81,7.58,14.88,7.85,11.52,8.13,13.26,10.8,19.25,,,,,,,,,,,,,,,,,,,,
,,,,,,,,,,,,8.34,13,7.77,15.81,7.84,11.81,8.26,12.97,10.92,20.93,,,,,,,,,,,,,,,,,,,,
,,,,,,,,,,,,8.53,13.62,7.83,15.71,8.13,12.1,8.33,13.23,11.13,26.12,,,,,,,,,,,,,,,,,,,,
,,,,,,,,,,,,8.66,13.91,7.84,15.46,8.13,12.59,8.53,13.78,11.55,17.51,,,,,,,,,,,,,,,,,,,,
,,,,,,,,,,,,8.82,14.1,7.79,15.29,8.26,12.3,8.66,14.26,11.85,21.06,,,,,,,,,,,,,,,,,,,,
,,,,,,,,,,,,8.83,14.2,8.13,16.45,8.34,12.49,8.82,14.33,12.09,22.25,,,,,,,,,,,,,,,,,,,,
,,,,,,,,,,,,9.04,14.58,8.13,16.97,8.53,13.07,8.83,14.42,12.33,29.73,,,,,,,,,,,,,,,,,,,,
,,,,,,,,,,,,9.09,14.52,8.27,16.87,8.65,13.45,9.04,14.84,12.76,26.53,,,,,,,,,,,,,,,,,,,,
,,,,,,,,,,,,9.16,14.78,8.34,17.23,8.81,13.55,9.04,14.71,12.77,22.05,,,,,,,,,,,,,,,,,,,,
,,,,,,,,,,,,9.22,14.94,8.53,18.19,8.84,13.65,9.08,14.87,12.81,32.63,,,,,,,,,,,,,,,,,,,,
,,,,,,,,,,,,9.26,14.97,8.66,18.74,9.03,13.91,9.15,15.16,,,,,,,,,,,,,,,,,,,,,,
,,,,,,,,,,,,9.31,15.03,8.83,19.32,9.04,14,9.22,15.42,,,,,,,,,,,,,,,,,,,,,,
,,,,,,,,,,,,9.43,15.07,8.8,19.19,9.09,13.94,9.27,15.52,,,,,,,,,,,,,,,,,,,,,,
,,,,,,,,,,,,9.6,15.55,9.04,20.03,9.15,14.23,9.33,15.39,,,,,,,,,,,,,,,,,,,,,,
,,,,,,,,,,,,9.73,15.9,9.04,20.26,9.21,14.45,9.43,15.52,,,,,,,,,,,,,,,,,,,,,,
,,,,,,,,,,,,9.76,15.81,9.08,20.22,9.28,14.55,9.59,16.03,,,,,,,,,,,,,,,,,,,,,,
,,,,,,,,,,,,9.8,15.84,9.16,20.58,9.31,14.36,9.73,16.39,,,,,,,,,,,,,,,,,,,,,,
,,,,,,,,,,,,9.89,16.06,9.23,20.93,9.42,14.45,9.75,16.42,,,,,,,,,,,,,,,,,,,,,,
,,,,,,,,,,,,9.95,16.19,9.27,21.06,9.59,14.9,9.81,16.55,,,,,,,,,,,,,,,,,,,,,,
,,,,,,,,,,,,10.05,16.45,9.32,21.09,9.73,15.23,9.88,16.51,,,,,,,,,,,,,,,,,,,,,,
,,,,,,,,,,,,10.13,16.51,9.43,21.48,9.78,15.19,9.89,16.77,,,,,,,,,,,,,,,,,,,,,,
,,,,,,,,,,,,10.17,16.71,9.59,22.29,9.83,14.94,10.03,16.64,,,,,,,,,,,,,,,,,,,,,,
,,,,,,,,,,,,10.28,16.45,9.73,22.96,9.92,15.42,10.06,17.06,,,,,,,,,,,,,,,,,,,,,,
,,,,,,,,,,,,10.76,17.83,9.74,23.06,9.89,15.61,10.12,17.19,,,,,,,,,,,,,,,,,,,,,,
,,,,,,,,,,,,10.8,17.93,9.79,23.19,10,15.29,10.18,17.38,,,,,,,,,,,,,,,,,,,,,,
,,,,,,,,,,,,10.92,17.83,9.84,22.9,10.06,15.84,10.29,17.26,,,,,,,,,,,,,,,,,,,,,,
,,,,,,,,,,,,11.12,18.25,9.88,23.67,10.18,16.13,10.75,18.74,,,,,,,,,,,,,,,,,,,,,,
,,,,,,,,,,,,11.55,19.19,9.92,23.9,10.27,15.93,10.8,18.67,,,,,,,,,,,,,,,,,,,,,,
,,,,,,,,,,,,11.67,19.48,9.94,23.77,10.17,15.58,10.8,18.87,,,,,,,,,,,,,,,,,,,,,,
,,,,,,,,,,,,11.85,19.83,10.02,23.77,10.74,17.19,10.92,18.99,,,,,,,,,,,,,,,,,,,,,,
,,,,,,,,,,,,12.1,20.41,10.06,24.38,10.8,17.29,11.12,19.51,,,,,,,,,,,,,,,,,,,,,,
,,,,,,,,,,,,12.34,21.05,10.11,24.73,10.79,16.93,11.55,20.73,,,,,,,,,,,,,,,,,,,,,,
,,,,,,,,,,,,12.77,21.96,10.19,24.48,10.91,17.25,11.67,20.99,,,,,,,,,,,,,,,,,,,,,,
,,,,,,,,,,,,12.76,21.79,10.19,24.99,11.13,17.61,11.85,21.51,,,,,,,,,,,,,,,,,,,,,,
,,,,,,,,,,,,12.82,21.83,10.28,25.02,11.55,18.57,12.09,22.31,,,,,,,,,,,,,,,,,,,,,,
,,,,,,,,,,,,13.34,23.24,10.79,27.76,11.67,18.77,12.33,22.99,,,,,,,,,,,,,,,,,,,,,,
,,,,,,,,,,,,13.51,23.66,10.75,27.86,11.84,19.15,12.77,24.25,,,,,,,,,,,,,,,,,,,,,,
,,,,,,,,,,,,13.61,23.82,10.8,28.12,12.09,19.77,12.81,24.21,,,,,,,,,,,,,,,,,,,,,,
,,,,,,,,,,,,13.97,24.53,10.91,28.38,12.34,20.28,12.76,24.08,,,,,,,,,,,,,,,,,,,,,,
,,,,,,,,,,,,14.05,24.66,11.12,29.5,12.75,21.05,13.34,26.08,,,,,,,,,,,,,,,,,,,,,,
,,,,,,,,,,,,,,11.54,32.05,12.77,21.31,13.52,26.63,,,,,,,,,,,,,,,,,,,,,,
,,,,,,,,,,,,,,11.67,32.66,12.82,21.12,13.61,26.89,,,,,,,,,,,,,,,,,,,,,,
,,,,,,,,,,,,,,11.85,33.82,13.34,22.54,13.98,27.95,,,,,,,,,,,,,,,,,,,,,,
,,,,,,,,,,,,,,12.09,35.43,13.52,22.92,14.04,28.14,,,,,,,,,,,,,,,,,,,,,,
,,,,,,,,,,,,,,12.33,36.95,13.61,23.02,,,,,,,,,,,,,,,,,,,,,,,,
,,,,,,,,,,,,,,12.76,39.69,13.98,23.76,,,,,,,,,,,,,,,,,,,,,,,,
,,,,,,,,,,,,,,12.76,40.04,14.05,23.92,,,,,,,,,,,,,,,,,,,,,,,,
,,,,,,,,,,,,,,12.81,40.11,,,,,,,,,,,,,,,,,,,,,,,,,,
,,,,,,,,,,,,,,13.33,44.13,,,,,,,,,,,,,,,,,,,,,,,,,,
,,,,,,,,,,,,,,13.52,45.52,,,,,,,,,,,,,,,,,,,,,,,,,,
,,,,,,,,,,,,,,13.61,46.23,,,,,,,,,,,,,,,,,,,,,,,,,,
,,,,,,,,,,,,,,13.97,49.03,,,,,,,,,,,,,,,,,,,,,,,,,,
,,,,,,,,,,,,,,14.03,49.52,,,,,,,,,,,,,,,,,,,,,,,,,,
